{
  "categories": [
    "Ones",
    "Twos",
    "Threes",
    "Fours",
    "Fives",
    "Sixes",
    "Bonus",
    "One Pair",
    "Two Pairs",
    "Three of a Kind",
    "Four of a Kind",
    "Small Straight",
    "Large Straight",
    "Full House",
    "Chance",
    "Yatzy"
  ],
  "matrix": [
    [
      1.0,
      -0.0351,
      -0.0571,
      -0.0856,
      -0.102,
      -0.1178,
      -0.0207,
      -0.0382,
      -0.0277,
      -0.0304,
      -0.0234,
      -0.052,
      -0.0277,
      -0.0032,
      -0.0432,
      -0.0637
    ],
    [
      -0.0351,
      1.0,
      -0.0675,
      -0.0919,
      -0.0939,
      -0.1122,
      0.0676,
      -0.0101,
      -0.0087,
      -0.0204,
      -0.0037,
      -0.0151,
      -0.0058,
      0.0077,
      -0.0088,
      -0.0154
    ],
    [
      -0.0571,
      -0.0675,
      1.0,
      -0.0747,
      -0.0912,
      -0.1142,
      0.1491,
      0.0077,
      0.0076,
      -0.0097,
      0.0204,
      0.008,
      0.0204,
      0.0136,
      0.0068,
      0.0015
    ],
    [
      -0.0856,
      -0.0919,
      -0.0747,
      1.0,
      -0.0896,
      -0.1036,
      0.2188,
      0.019,
      0.0135,
      -0.0015,
      0.047,
      0.028,
      0.0428,
      0.0181,
      0.0282,
      0.0126
    ],
    [
      -0.102,
      -0.0939,
      -0.0912,
      -0.0896,
      1.0,
      -0.1079,
      0.2551,
      0.0244,
      0.0227,
      0.0203,
      0.0694,
      0.0453,
      0.0602,
      0.028,
      0.0472,
      0.0189
    ],
    [
      -0.1178,
      -0.1122,
      -0.1142,
      -0.1036,
      -0.1079,
      1.0,
      0.3309,
      0.0302,
      0.0485,
      0.0993,
      0.0968,
      0.0588,
      0.0806,
      0.041,
      0.0899,
      0.0303
    ],
    [
      -0.0207,
      0.0676,
      0.1491,
      0.2188,
      0.2551,
      0.3309,
      1.0,
      0.0405,
      0.049,
      0.0782,
      0.1373,
      0.0489,
      0.093,
      0.0599,
      0.1062,
      -0.012
    ],
    [
      -0.0382,
      -0.0101,
      0.0077,
      0.019,
      0.0244,
      0.0302,
      0.0405,
      1.0,
      0.0288,
      -0.0074,
      -0.0087,
      -0.0015,
      0.0135,
      -0.0051,
      0.015,
      -0.0132
    ],
    [
      -0.0277,
      -0.0087,
      0.0076,
      0.0135,
      0.0227,
      0.0485,
      0.049,
      0.0288,
      1.0,
      0.0012,
      0.0186,
      0.0135,
      0.0277,
      -0.009,
      0.0578,
      -0.0033
    ],
    [
      -0.0304,
      -0.0204,
      -0.0097,
      -0.0015,
      0.0203,
      0.0993,
      0.0782,
      -0.0074,
      0.0012,
      1.0,
      0.0343,
      0.0222,
      0.0392,
      0.0484,
      0.0944,
      -0.01
    ],
    [
      -0.0234,
      -0.0037,
      0.0204,
      0.047,
      0.0694,
      0.0968,
      0.1373,
      -0.0087,
      0.0186,
      0.0343,
      1.0,
      0.0512,
      0.0843,
      0.0395,
      0.1024,
      -0.0337
    ],
    [
      -0.052,
      -0.0151,
      0.008,
      0.028,
      0.0453,
      0.0588,
      0.0489,
      -0.0015,
      0.0135,
      0.0222,
      0.0512,
      1.0,
      0.043,
      0.0306,
      0.0343,
      0.0167
    ],
    [
      -0.0277,
      -0.0058,
      0.0204,
      0.0428,
      0.0602,
      0.0806,
      0.093,
      0.0135,
      0.0277,
      0.0392,
      0.0843,
      0.043,
      1.0,
      0.0528,
      0.0803,
      -0.0067
    ],
    [
      -0.0032,
      0.0077,
      0.0136,
      0.0181,
      0.028,
      0.041,
      0.0599,
      -0.0051,
      -0.009,
      0.0484,
      0.0395,
      0.0306,
      0.0528,
      1.0,
      0.0338,
      0.0004
    ],
    [
      -0.0432,
      -0.0088,
      0.0068,
      0.0282,
      0.0472,
      0.0899,
      0.1062,
      0.015,
      0.0578,
      0.0944,
      0.1024,
      0.0343,
      0.0803,
      0.0338,
      1.0,
      -0.01
    ],
    [
      -0.0637,
      -0.0154,
      0.0015,
      0.0126,
      0.0189,
      0.0303,
      -0.012,
      -0.0132,
      -0.0033,
      -0.01,
      -0.0337,
      0.0167,
      -0.0067,
      0.0004,
      -0.01,
      1.0
    ]
  ]
}